words	0	mux	area	width	height	tcycle	ReadPowTyp	WritePowTyp	leakage
3072	8	12	46830.5936	195.16	239.96	3.044	7.575	8.835	523.061
6144	8	12	83627.2416	195.72	427.28	3.322	8.053	9.429	841.7673
12288	8	12	157455.816	196.28	802.2	3.827	8.962	10.633	1478.9148
24576	8	12	305393.3232	196.84	1551.48	5.261	10.815	13.092	2753.2065
49152	8	12	602133.168	197.4	3050.32	12.672	15.477	19.011	5301.8108
3072	16	12	80895.3152	337.12	239.96	3.063	10.958	13.071	682.2211
6144	16	12	144283.9104	337.68	427.28	3.34	11.52	13.79	1028.5198
12288	16	12	271336.128	338.24	802.2	3.848	12.598	15.254	1720.5837
24576	16	12	525641.424	338.8	1551.48	5.289	14.718	18.092	3104.7027
49152	16	12	1035156.5952	339.36	3050.32	12.706	19.68	24.532	5872.9407
3072	32	12	149439.8864	621.32	240.52	3.107	18.265	21.961	1000.5446
6144	32	12	266065.1392	621.88	427.84	3.385	19.029	23.022	1402.0259
12288	32	12	499669.9344	622.44	802.76	3.893	20.461	24.965	2203.9127
24576	32	12	966920.92	623.0	1552.04	5.343	23.114	28.624	3807.6929
49152	32	12	1902406.7328	623.56	3050.88	12.763	28.76	36.098	7015.261
49152	42	12	2450728.0224	801.08	3059.28	12.807	34.868	43.709	7729.2061
3072	64	12	318131.128	1189.72	267.4	3.22	35.336	42.044	1637.1883
6144	64	12	541244.1216	1190.28	454.72	3.499	36.534	43.682	2149.0293
12288	64	12	987968.4976	1190.84	829.64	4.008	38.696	46.706	3170.5806
24576	64	12	1881125.288	1191.4	1578.92	5.466	42.469	52.045	5213.6722
3072	65	12	325214.176	1212.4	268.24	3.239	35.491	42.405	1734.8705
6144	65	12	552576.0576	1212.96	455.56	3.516	36.728	44.035	2326.9213
12288	65	12	1007804.0896	1213.52	830.48	4.025	38.954	47.12	3508.8669
24576	65	12	1917955.0208	1214.08	1579.76	5.471	42.787	52.447	5872.7823
24576	85	12	2505641.264	1569.4	1596.56	5.554	56.21	68.398	6751.5085
3072	128	12	748713.8848	2331.28	321.16	3.822	76.926	89.828	2988.2611
6144	128	12	1185694.0032	2331.84	508.48	4.058	79.02	92.786	3797.5949
12288	128	12	2060442.16	2332.4	883.4	4.464	82.729	97.85	5411.9978
3072	137	12	818894.1152	2491.16	328.72	3.949	83.605	97.609	3167.3169
6144	137	12	1285827.1888	2491.72	516.04	4.181	85.86	100.654	4007.6971
12288	137	12	2220521.7888	2492.28	890.96	4.58	89.753	105.977	5683.8584
4096	8	16	60537.1088	252.28	239.96	3.049	7.746	8.969	602.1334
8192	8	16	108033.4752	252.84	427.28	3.326	8.209	9.575	960.2967
16384	8	16	203277.48	253.4	802.2	3.832	9.114	10.783	1676.0909
32768	8	16	394013.8608	253.96	1551.48	5.263	10.97	13.23	3107.6705
65536	8	16	776367.4464	254.52	3050.32	12.68	15.637	19.158	5970.8429
4096	16	16	105956.7376	441.56	239.96	3.069	11.278	13.374	805.7808
8192	16	16	188909.0336	442.12	427.28	3.347	11.841	14.126	1200.8249
16384	16	16	355117.896	442.68	802.2	3.854	12.941	15.568	1989.8362
32768	16	16	687677.9952	443.24	1551.48	5.296	15.055	18.411	3567.8544
65536	16	16	1353732.016	443.8	3050.32	12.714	20.034	24.848	6723.9029
65536	31	16	2437612.3296	798.84	3051.44	12.773	29.03	36.132	8135.9014
4096	32	16	197255.2624	820.12	240.52	3.116	19.164	22.812	1213.0756
8192	32	16	351119.7312	820.68	427.84	3.394	19.929	23.827	1681.8681
16384	32	16	659258.6224	821.24	802.76	3.904	21.4	25.79	2617.3213
32768	32	16	1275466.472	821.8	1552.04	5.357	24.058	29.443	4488.2178
32768	63	16	2455429.3568	1555.96	1578.08	5.483	44.696	53.935	6271.4267
4096	64	16	422053.464	1578.36	267.4	3.246	38.278	44.912	2027.6586
8192	64	16	717966.5024	1578.92	454.72	3.525	39.489	46.563	2643.9633
16384	64	16	1310399.7872	1579.48	829.64	4.036	41.658	49.511	3872.2816
4096	65	16	431490.864	1608.6	268.24	3.265	38.495	45.289	2156.352
8192	65	16	733068.9296	1609.16	455.56	3.543	39.739	46.999	2879.624
16384	65	16	1336840.2656	1609.72	830.48	4.053	41.969	50.085	4321.8142
16384	127	16	2716554.9824	3078.04	882.56	4.502	89.634	107.035	6753.3268
4096	128	16	995737.3104	3100.44	321.16	3.85	84.687	100.137	3760.086
8192	128	16	1576796.48	3101.0	508.48	4.083	86.78	102.893	4773.7591
4096	137	16	1089220.2944	3313.52	328.72	3.977	91.92	109.212	3989.1907
8192	137	16	1710197.8432	3314.08	516.04	4.207	94.175	112.082	5044.3569
7168	8	28	101522.2768	423.08	239.96	3.068	8.256	9.45	824.2168
14336	8	28	181012.8992	423.64	427.28	3.345	8.723	10.047	1300.7511
28672	8	28	340293.24	424.2	802.2	3.853	9.621	11.254	2252.4865
57344	8	28	659006.6448	424.76	1551.48	5.287	11.456	13.693	4155.9562
114688	8	28	1297362.1024	425.32	3050.32	12.707	16.119	19.603	7962.8901
7168	16	28	181073.816	754.6	239.96	3.106	12.365	14.369	1146.1879
14336	16	28	322664.7648	755.16	427.28	3.384	12.932	15.086	1687.4638
28672	16	28	606238.584	755.72	802.2	3.892	14.007	16.551	2767.3239
57344	16	28	1173353.2944	756.28	1551.48	5.333	16.117	19.386	4927.0474
114688	16	28	2308604.1888	756.84	3050.32	12.748	21.111	25.801	9246.5131
114688	18	28	2560560.6208	839.44	3050.32	12.773	22.426	27.445	9567.4271
7168	32	28	341300.288	1417.36	240.8	3.22	21.959	25.515	1790.14
14336	32	28	607039.9104	1417.92	428.12	3.5	22.752	26.521	2460.8705
28672	32	28	1139096.1792	1418.48	803.04	4.008	24.17	28.53	3797.0075
57344	32	28	2202804.1728	1419.04	1552.32	5.432	26.836	32.14	6469.2683
57344	36	28	2465877.2544	1585.08	1555.68	5.459	29.778	35.63	6854.8117
7168	64	28	734438.9696	2743.72	267.68	3.625	45.447	53.848	3078.0101
14336	64	28	1248647.4	2744.28	455.0	3.904	46.63	55.423	4007.674
28672	64	28	2277997.6128	2744.84	829.92	4.415	48.828	58.498	5856.3549
7168	65	28	751104.144	2797.2	268.52	3.654	45.412	54.591	3297.8638
14336	65	28	1275330.9184	2797.76	455.84	3.932	46.649	56.108	4414.7565
28672	65	28	2324732.3232	2798.32	830.76	4.444	48.887	59.234	6637.6717
7168	73	28	861148.8928	3128.72	275.24	3.784	51.565	62.791	3619.8272
14336	73	28	1447479.7568	3129.28	462.56	4.063	52.944	64.503	4801.4681
28672	73	28	2621178.4032	3129.84	837.48	4.575	55.365	67.864	7152.5245
8192	8	32	115228.792	480.2	239.96	3.073	8.428	9.596	903.2903
16384	8	32	205419.1328	480.76	427.28	3.349	8.875	10.21	1419.2772
32768	8	32	386114.904	481.32	802.2	3.856	9.789	11.388	2449.6593
65536	8	32	747627.1824	481.88	1551.48	5.29	11.625	13.839	4510.4202
131072	8	32	1471596.3808	482.44	3050.32	12.71	16.293	19.766	8631.9255
131072	15	32	2481984.3776	813.68	3050.32	12.759	20.77	25.343	9914.3
8192	16	32	206068.0496	858.76	239.96	3.113	12.708	14.699	1269.7476
16384	16	32	367170.2496	859.32	427.28	3.391	13.267	15.427	1859.7579
32768	16	32	689795.736	859.88	802.2	3.9	14.355	16.89	3036.5808
65536	16	32	1334955.4512	860.44	1551.48	5.34	16.466	19.693	5390.2079
65536	31	32	2438824.08	1570.8	1552.6	5.435	26.917	32.213	7039.8361
8192	32	32	389238.752	1616.44	240.8	3.234	22.814	26.423	2002.6578
16384	32	32	692270.04	1617.0	428.12	3.513	23.556	27.455	2740.7171
32768	32	32	1298965.3824	1617.56	803.04	4.025	25.016	29.457	4210.4139
32768	63	32	2558441.3904	3085.88	829.08	4.425	49.582	60.261	6484.6947
8192	64	32	838470.1248	3132.36	267.68	3.648	47.034	56.791	3468.4738
16384	64	32	1425478.6	3132.92	455.0	3.926	48.247	58.405	4502.6179
12288	8	48	169920.4752	708.12	239.96	3.095	9.071	10.247	1204.7618
24576	8	48	302804.7904	708.68	427.28	3.373	9.539	10.833	1878.5756
49152	8	48	568952.328	709.24	802.2	3.882	10.439	12.053	3223.5379
98304	8	48	1101240.504	709.8	1551.48	5.316	12.275	14.482	5913.4691
196608	8	48	2166825.3152	710.36	3050.32	12.739	16.945	20.409	11293.3139
196608	10	48	2598994.6528	852.04	3050.32	12.76	18.327	22.1	11837.8194
12288	16	48	306246.5504	1276.24	239.96	3.168	13.983	16.054	1734.0202
24576	16	48	545551.104	1276.8	427.28	3.447	14.563	16.8	2519.0066
49152	16	48	1024698.192	1277.36	802.2	3.958	15.652	18.263	4083.6213
98304	16	48	1982667.3216	1277.92	1551.48	5.386	17.775	21.102	7212.8661
98304	21	48	2533504.7808	1632.96	1551.48	5.427	21.469	25.651	8024.9884
12288	32	48	581668.1808	2412.76	241.08	3.43	25.324	30.165	2792.559
24576	32	48	1033866.288	2413.32	428.4	3.708	26.119	31.195	3799.8631
49152	32	48	1939118.0816	2413.88	803.32	4.222	27.578	33.173	5803.8046
12288	42	48	779155.9776	3123.12	249.48	3.639	33.059	40.755	3454.1177
24576	42	48	1364423.424	3123.68	436.8	3.918	33.97	41.903	4600.4013
49152	42	48	2536008.0928	3124.24	811.72	4.429	35.656	44.216	6878.9061
245760	8	60	2687819.9712	881.16	3050.32	12.764	17.393	20.884	13285.4777
122880	16	60	2468342.6208	1590.96	1551.48	5.427	18.559	22.114	8572.1988
61440	32	60	2418892.9184	3011.12	803.32	4.456	28.891	36.008	6983.6041
16384	8	64	224612.1584	936.04	239.96	3.123	9.667	10.895	1506.076
32768	8	64	400190.448	936.6	427.28	3.402	10.126	11.476	2337.7222
65536	8	64	751789.752	937.16	802.2	3.91	11.03	12.688	3997.2779
131072	8	64	1454853.8256	937.72	1551.48	5.342	12.868	15.127	7316.3761
131072	15	64	2483112.7104	1600.48	1551.48	5.42	18.032	21.508	8820.5029
16384	16	64	406425.0512	1693.72	239.96	3.257	15.031	17.434	2198.1531
32768	16	64	723931.9584	1694.28	427.28	3.538	15.605	18.202	3178.1134
65536	16	64	1359600.648	1694.84	802.2	4.049	16.685	19.642	5130.532
65536	31	64	2503439.008	3115.28	803.6	4.438	28.424	35.68	7255.3976
16384	32	64	773645.0064	3209.08	241.08	3.677	26.997	33.858	3582.3007
32768	32	64	1375009.776	3209.64	428.4	3.955	27.79	34.862	4858.8804
24576	8	96	333995.5248	1391.88	239.96	3.217	10.639	12.213	2108.7253
49152	8	96	594961.7632	1392.44	427.28	3.494	11.098	12.808	3256.0253
98304	8	96	1117464.6	1393.0	802.2	4.006	12.009	13.993	5544.759
196608	8	96	2162080.4688	1393.56	1551.48	5.393	13.855	16.432	10122.1868
196608	10	96	2602576.6704	1677.48	1551.48	5.426	15.417	18.47	10761.7367
24576	16	96	606714.864	2528.4	239.96	3.501	16.5	20.243	3126.4167
49152	16	96	1080574.0288	2528.96	427.28	3.782	17.083	20.967	4496.3248
98304	16	96	2029180.944	2529.52	802.2	4.295	18.176	22.42	7224.3512
24576	21	96	777172.8496	3238.76	239.96	3.722	20.375	26.063	3762.4785
49152	21	96	1384096.6496	3239.32	427.28	4.0	21.029	26.856	5271.4992
98304	21	96	2599031.736	3239.88	802.2	4.513	22.228	28.495	8274.1076
253952	8	124	2780686.5744	1792.28	1551.48	5.454	14.541	17.596	12573.4873
126976	16	124	2615204.088	3260.04	802.2	4.592	19.197	24.794	9048.8893
32768	8	128	443378.8912	1847.72	239.96	3.346	11.407	13.53	2711.3757
65536	8	128	789733.0784	1848.28	427.28	3.624	11.864	14.121	4174.3306
131072	8	128	1483139.448	1848.84	802.2	4.135	12.782	15.325	7092.2335
131072	15	128	2546696.208	3174.64	802.2	4.535	18.498	23.787	9039.9177
32768	16	128	807004.6768	3363.08	239.96	3.809	17.655	22.964	4054.6869
65536	16	128	1437216.0992	3363.64	427.28	4.088	18.236	23.679	5814.5318
49152	8	192	662145.624	2759.4	239.96	3.693	12.738	16.152	3916.6655
98304	8	192	1179275.7088	2759.96	427.28	3.971	13.213	16.737	6010.9346
196608	8	192	2214489.144	2760.52	802.2	4.485	14.107	17.922	10187.1792
49152	10	192	798471.6992	3327.52	239.96	3.894	14.434	18.881	4415.312
98304	10	192	1422022.0224	3328.08	427.28	4.174	14.927	19.494	6620.9495
196608	10	192	2670235.008	3328.64	802.2	4.686	15.904	20.767	11016.8652
258048	8	252	2900241.792	3615.36	802.2	4.915	15.41	20.32	13084.8905
65536	8	256	880912.3568	3671.08	239.96	4.133	14.049	18.704	5121.9685
131072	8	256	1568818.3392	3671.64	427.28	4.406	14.476	19.278	7847.5727
3072	8	12	50692.1856	194.88	260.12	3.092	7.894	9.156	618.7434
6144	8	12	87447.6736	195.44	447.44	3.362	8.342	9.749	969.9173
12288	8	12	161127.68	196.0	822.08	3.865	9.255	10.973	1671.9802
24576	8	12	308866.5216	196.56	1571.36	5.44	11.075	13.416	3076.1159
49152	8	12	605197.824	197.12	3070.2	12.791	15.761	19.337	5884.3543
3072	16	12	87691.6544	337.12	260.12	3.112	11.384	13.563	791.1244
6144	16	12	151091.5392	337.68	447.44	3.385	11.949	14.286	1169.8742
12288	16	12	278060.3392	338.24	822.08	3.887	13.039	15.739	1926.8568
24576	16	12	532376.768	338.8	1571.36	5.466	15.131	18.575	3440.8099
49152	16	12	1041903.072	339.36	3070.2	12.82	20.112	25.016	6468.7315
3072	32	12	161617.7584	621.32	260.12	3.158	18.942	22.772	1133.4862
6144	32	12	278253.9872	621.88	447.44	3.429	19.702	23.781	1567.4186
12288	32	12	511695.4752	622.44	822.08	3.934	21.154	25.754	2434.2274
24576	32	12	978957.28	623.0	1571.36	5.526	23.759	29.429	4167.8439
49152	32	12	1914453.912	623.56	3070.2	12.882	29.409	36.871	7635.0593
3072	64	12	329046.6816	1189.44	276.64	3.273	36.586	43.526	1815.8481
6144	64	12	552112.4	1190.0	463.96	3.543	37.752	45.089	2360.1457
12288	64	12	998403.616	1190.56	838.6	4.052	39.926	48.11	3446.6113
24576	64	12	1891355.6256	1191.12	1587.88	5.649	43.615	53.377	5619.5392
49152	64	12	3678382.4896	1191.68	3086.72	13.014	50.595	62.959	9965.384
3072	65	12	336416.752	1212.4	277.48	3.289	36.739	43.896	1944.3039
6144	65	12	563783.808	1212.96	464.8	3.561	37.956	45.511	2594.4116
12288	65	12	1018677.2288	1213.52	839.44	4.069	40.166	48.541	3892.4512
24576	65	12	1928833.1776	1214.08	1588.72	5.654	43.946	53.868	6488.5216
49152	65	12	3750273.8784	1214.64	3087.56	13.02	51.405	63.905	11680.6624
3072	128	12	770254.912	2331.28	330.4	3.861	79.246	92.766	3285.3744
6144	128	12	1207240.2048	2331.84	517.72	4.09	81.243	95.437	4152.7464
12288	128	12	2081340.464	2332.4	892.36	4.508	84.901	100.459	5883.2422
24576	128	12	3829880.4544	2332.96	1641.64	5.947	90.808	108.995	9344.2096
49152	128	12	7328372.8896	2333.52	3140.48	13.312	100.633	122.722	16266.2071
3072	137	12	841912.4336	2491.16	337.96	3.985	86.049	100.667	3476.8437
6144	137	12	1308850.6816	2491.72	525.28	4.21	88.266	103.607	4375.2676
12288	137	12	2242852.6176	2492.28	899.92	4.605	92.11	108.696	6167.5306
24576	137	12	4111191.728	2492.84	1649.2	5.993	98.322	117.782	9752.0665
49152	137	12	7849322.936	2493.4	3148.04	13.359	108.481	132.157	16921.179
4096	8	16	65550.24	252.0	260.12	3.098	8.048	9.313	702.4281
8192	8	16	113005.4464	252.56	447.44	3.37	8.517	9.9	1093.048
16384	8	16	208084.8896	253.12	822.08	3.872	9.412	11.112	1873.7609
32768	8	16	398622.6048	253.68	1571.36	5.445	11.243	13.553	3435.1889
65536	8	16	780567.648	254.24	3070.2	12.796	15.92	19.483	6558.0207
4096	16	16	114858.5872	441.56	260.12	3.118	11.702	13.88	921.415
8192	16	16	197822.1728	442.12	447.44	3.392	12.28	14.595	1348.9102
16384	16	16	363918.3744	442.68	822.08	3.895	13.353	16.04	2202.8457
32768	16	16	696489.6064	443.24	1571.36	5.474	15.465	18.895	3910.7035
65536	16	16	1362554.76	443.8	3070.2	12.829	20.435	25.309	7326.4103
4096	32	16	213329.6144	820.12	260.12	3.167	19.856	23.561	1356.9919
8192	32	16	367205.0592	820.68	447.44	3.438	20.643	24.582	1858.2355
16384	32	16	675124.9792	821.24	822.08	3.944	22.048	26.606	2858.603
32768	32	16	1291343.648	821.8	1571.36	5.537	24.694	30.199	4859.3446
65536	32	16	2524809.672	822.36	3070.2	12.896	30.347	37.685	8860.8322
4096	64	16	436560.0512	1578.08	276.64	3.297	39.556	46.311	2225.7818
8192	64	16	732425.8144	1578.64	463.96	3.57	40.714	47.905	2874.5343
16384	64	16	1324317.12	1579.2	838.6	4.08	42.858	50.92	4167.7812
32768	64	16	2508469.3088	1579.76	1587.88	5.67	46.552	56.133	6754.2673
65536	64	16	4878005.3504	1580.32	3086.72	13.039	53.528	65.737	11927.2395
4096	65	16	446354.328	1608.6	277.48	3.314	39.742	46.763	2386.6029
8192	65	16	747937.568	1609.16	464.8	3.588	40.958	48.434	3167.9175
16384	65	16	1351263.3568	1609.72	839.44	4.096	43.166	51.514	4726.2006
32768	65	16	2558284.0416	1610.28	1588.72	5.676	46.941	56.793	7842.7635
65536	65	16	4973565.1504	1610.84	3087.56	13.043	54.354	66.756	14075.9025
4096	128	16	1024385.376	3100.44	330.4	3.89	86.859	102.924	4094.695
8192	128	16	1605449.72	3101.0	517.72	4.116	88.923	105.489	5166.4272
16384	128	16	2767708.0816	3101.56	892.36	4.557	92.61	110.638	7301.2973
32768	128	16	5092564.2768	3102.12	1641.64	5.983	98.481	119.159	11571.0595
65536	128	16	9743904.4864	3102.68	3140.48	13.355	107.547	132.728	20110.6378
4096	137	16	1119837.2192	3313.52	337.96	4.014	94.269	112.318	4338.598
8192	137	16	1740819.9424	3314.08	525.28	4.238	96.416	115.147	5451.8211
16384	137	16	2982910.8288	3314.64	899.92	4.636	100.291	120.415	7669.0768
32768	137	16	5467427.84	3315.2	1649.2	6.032	106.537	129.347	12103.5871
65536	137	16	10438145.1104	3315.76	3148.04	13.398	115.865	143.442	20972.6363
7168	8	28	109978.736	422.8	260.12	3.117	8.55	9.785	941.2425
14336	8	28	189428.1984	423.36	447.44	3.39	9.021	10.375	1450.2268
28672	8	28	348496.1536	423.92	822.08	3.892	9.919	11.583	2466.893
57344	8	28	667010.8928	424.48	1571.36	5.467	11.748	14.001	4500.1759
114688	8	28	1304957.808	425.04	3070.2	12.822	16.416	19.951	8566.7714
7168	16	28	196286.552	754.6	260.12	3.155	12.778	14.863	1284.8891
14336	16	28	337888.7904	755.16	447.44	3.429	13.324	15.561	1858.6128
28672	16	28	621262.2976	755.72	822.08	3.934	14.426	17.024	3003.4048
57344	16	28	1188388.1408	756.28	1571.36	5.513	16.528	19.872	5292.9789
114688	16	28	2323650.168	756.84	3070.2	12.872	21.506	26.301	9872.1084
7168	32	28	368683.6832	1417.36	260.12	3.272	22.655	26.326	1969.8712
14336	32	28	634434.1248	1417.92	447.44	3.542	23.385	27.319	2673.0594
28672	32	28	1166104.0384	1418.48	822.08	4.052	24.859	29.311	4074.1162
57344	32	28	2229822.6944	1419.04	1571.36	5.613	27.469	32.923	6876.2111
114688	32	28	4358455.92	1419.6	3070.2	12.978	33.12	40.416	12480.3987
7168	64	28	759713.4048	2743.44	276.92	3.675	46.622	55.386	3337.3824
14336	64	28	1273874.56	2744.0	464.24	3.949	47.809	56.928	4299.5183
28672	64	28	2302356.4928	2744.56	838.88	4.458	49.954	59.902	6213.1113
57344	64	28	4359689.7792	2745.12	1588.16	5.846	53.638	65.079	10040.2709
114688	64	28	8475914.16	2745.68	3087.0	13.217	60.609	74.65	17694.6286
7168	65	28	776950.272	2797.2	277.76	3.704	46.55	55.981	3593.4382
14336	65	28	1301182.2208	2797.76	465.08	3.98	47.799	57.638	4768.3812
28672	65	28	2349805.2704	2798.32	839.72	4.487	50.008	60.692	7107.4014
57344	65	28	4447420.32	2798.88	1589.0	5.857	53.78	65.948	11785.4407
114688	65	28	8644222.8096	2799.44	3087.84	13.229	61.203	75.94	21141.5303
7168	73	28	890058.2656	3128.72	284.48	3.835	52.839	64.461	3935.1048
14336	73	28	1476394.304	3129.28	471.8	4.111	54.192	66.182	5174.7905
28672	73	28	2649221.7696	3129.84	846.44	4.62	56.576	69.425	7641.9409
57344	73	28	4995241.888	3130.4	1595.72	5.945	60.605	75.094	12576.278
114688	73	28	9688943.5776	3130.96	3094.56	13.293	68.333	85.606	22444.8026
8192	8	32	124836.7904	479.92	260.12	3.119	8.701	9.94	1024.9415
16384	8	32	214985.9712	480.48	447.44	3.392	9.172	10.532	1573.3872
32768	8	32	395453.3632	481.04	822.08	3.895	10.093	11.737	2668.6946
65536	8	32	756766.976	481.6	1571.36	5.469	11.918	14.163	4859.2698
131072	8	32	1480327.632	482.16	3070.2	12.828	16.592	20.126	9240.4664
8192	16	32	223380.6512	858.76	260.12	3.16	13.132	15.183	1415.216
16384	16	32	384494.1408	859.32	447.44	3.433	13.683	15.937	2037.6818
32768	16	32	706890.1504	859.88	822.08	3.938	14.778	17.373	3279.4289
65536	16	32	1352060.9984	860.44	1571.36	5.518	16.886	20.203	5762.8879
131072	16	32	2643442.2	861.0	3070.2	12.881	21.852	26.611	10729.8312
8192	32	32	420468.3728	1616.44	260.12	3.285	23.459	27.226	2193.3747
16384	32	32	723510.48	1617.0	447.44	3.557	24.246	28.289	2963.8818
32768	32	32	1329763.7248	1617.56	822.08	4.067	25.682	30.27	4498.5061
65536	32	32	2542649.0432	1618.12	1571.36	5.622	28.295	33.854	7567.7151
131072	32	32	4969671.336	1618.68	3070.2	12.99	33.934	41.368	13706.2002
8192	64	32	867335.5936	3132.08	276.92	3.697	48.204	58.365	3747.3293
16384	64	32	1454296.7936	3132.64	464.24	3.972	49.399	59.865	4813.9179
32768	64	32	2628378.816	3133.2	838.88	4.479	51.551	62.895	6934.2724
65536	64	32	4976912.2816	3133.76	1588.16	5.865	55.242	68.036	11175.0221
131072	64	32	9675645.84	3134.32	3087.0	13.238	62.192	77.62	19656.4379
12288	8	48	184123.3408	707.84	260.12	3.144	9.349	10.586	1347.7321
24576	8	48	316966.496	708.4	447.44	3.417	9.806	11.17	2053.997
49152	8	48	582821.8368	708.96	822.08	3.92	10.735	12.372	3463.889
98304	8	48	1114911.3472	709.52	1571.36	5.497	12.57	14.813	6283.6488
196608	8	48	2180087.616	710.08	3070.2	12.857	17.228	20.738	11923.1497
12288	16	48	331975.5488	1276.24	260.12	3.22	14.421	16.562	1909.3173
24576	16	48	571291.392	1276.8	447.44	3.491	14.97	17.307	2726.7636
49152	16	48	1050092.1088	1277.36	822.08	4.0	16.064	18.752	4356.3135
98304	16	48	2008072.3712	1277.92	1571.36	5.564	18.154	21.581	7615.3924
196608	16	48	3925189.296	1278.48	3070.2	12.93	23.154	27.971	14133.548
12288	32	48	627607.1312	2412.76	260.12	3.481	25.968	31.008	3030.071
24576	32	48	1079815.9008	2413.32	447.44	3.752	26.752	32.003	4069.8317
49152	32	48	1984402.4704	2413.88	822.08	4.262	28.195	33.993	6138.6875
98304	32	48	3793954.4384	2414.44	1571.36	5.717	30.814	37.555	10276.4178
196608	32	48	7414533.0	2415.0	3070.2	13.091	36.475	45.064	18551.7761
12288	42	48	812385.9744	3123.12	260.12	3.69	33.81	41.782	3729.9724
24576	42	48	1397659.3792	3123.68	447.44	3.964	34.723	42.933	4908.6972
49152	42	48	2568375.2192	3124.24	822.08	4.473	36.412	45.269	7252.1141
98304	42	48	4910185.728	3124.8	1571.36	5.821	39.35	49.359	11938.9831
196608	42	48	9595480.272	3125.36	3070.2	13.198	45.407	57.448	21312.6386
16384	8	64	243409.8912	935.76	260.12	3.172	9.947	11.228	1667.5131
32768	8	64	418947.0208	936.32	447.44	3.446	10.43	11.827	2531.6093
65536	8	64	770190.3104	936.88	822.08	3.949	11.322	13.037	4256.0782
131072	8	64	1473055.7184	937.44	1571.36	5.521	13.151	15.455	7705.0325
262144	8	64	2879847.6	938.0	3070.2	12.885	17.819	21.383	14602.8795
16384	16	64	440497.6128	1693.44	260.12	3.31	15.445	17.953	2400.3276
32768	16	64	757963.36	1694.0	447.44	3.584	15.993	18.678	3412.7302
65536	16	64	1393063.8848	1694.56	822.08	4.092	17.085	20.133	5430.0895
131072	16	64	2663643.7632	1695.12	1571.36	5.612	19.182	22.949	9464.7685
262144	16	64	5206076.736	1695.68	3070.2	12.982	24.17	29.395	17534.1661
16384	32	64	834745.8896	3209.08	260.12	3.727	27.623	34.728	3863.7038
32768	32	64	1436121.3216	3209.64	447.44	4.001	28.394	35.749	5172.7346
65536	32	64	2639041.216	3210.2	822.08	4.508	29.843	37.711	7775.8428
131072	32	64	5045259.8336	3210.76	1571.36	5.833	32.453	41.269	12982.0482
262144	32	64	9859394.664	3211.32	3070.2	13.193	38.118	48.783	23394.4227
24576	8	96	361982.992	1391.6	260.12	3.268	10.918	12.557	2310.0055
49152	8	96	622908.0704	1392.16	447.44	3.54	11.378	13.132	3489.7544
98304	8	96	1144927.2576	1392.72	822.08	4.05	12.297	14.354	5843.4024
196608	8	96	2189344.4608	1393.28	1571.36	5.573	14.114	16.776	10550.6852
393216	8	96	4279367.568	1393.84	3070.2	12.943	18.783	22.671	19965.2233
24576	16	96	657687.408	2528.4	260.12	3.553	16.896	20.755	3385.4348
49152	16	96	1131557.8624	2528.96	447.44	3.826	17.457	21.474	4787.7797
98304	16	96	2079467.8016	2529.52	822.08	4.335	18.552	22.929	7580.7556
196608	16	96	3975666.5088	2530.08	1571.36	5.709	20.636	25.743	13166.6436
393216	16	96	7769570.928	2530.64	3070.2	13.087	25.641	32.229	24338.4856
24576	21	96	842466.2512	3238.76	260.12	3.773	20.834	26.715	4057.0145
49152	21	96	1449401.3408	3239.32	447.44	4.045	21.465	27.52	5598.4874
98304	21	96	2663440.5504	3239.88	822.08	4.556	22.671	29.121	8666.0266
196608	21	96	5091897.7984	3240.44	1571.36	5.879	24.917	32.189	14801.0918
393216	21	96	9950518.2	3241.0	3070.2	13.182	30.138	38.989	27071.1386
32768	8	128	480556.0928	1847.44	260.12	3.396	11.678	13.873	2949.5653
65536	8	128	826869.12	1848.0	447.44	3.67	12.123	14.483	4444.9702
131072	8	128	1519664.2048	1848.56	822.08	4.178	13.038	15.669	7427.8028
262144	8	128	2905633.2032	1849.12	1571.36	5.626	14.883	18.102	13393.402
524288	8	128	5678887.536	1849.68	3070.2	13.0	19.536	24.015	25324.6257
32768	16	128	874804.3696	3363.08	260.12	3.857	18.039	23.526	4367.5643
65536	16	128	1505027.0816	3363.64	447.44	4.132	18.604	24.242	6159.8669
131072	16	128	2765641.536	3364.2	822.08	4.64	19.7	25.713	9728.433
262144	16	128	5287249.2736	3364.76	1571.36	5.964	21.784	28.525	16865.5509
524288	16	128	10332205.464	3365.32	3070.2	13.196	26.797	34.975	31139.8461
49152	8	192	717775.128	2759.4	260.12	3.743	12.981	16.524	4231.5724
98304	8	192	1234916.5024	2759.96	447.44	4.017	13.449	17.099	6358.2959
196608	8	192	2269368.2816	2760.52	822.08	4.531	14.356	18.321	10599.4328
393216	8	192	4338650.6688	2761.08	1571.36	5.849	16.207	20.738	19081.7715
786432	8	192	8478787.128	2761.64	3070.2	13.12	20.876	26.678	36046.3158
49152	10	192	865554.5024	3327.52	260.12	3.943	14.719	19.351	4757.5264
98304	10	192	1489116.1152	3328.08	447.44	4.218	15.212	19.964	6995.6161
196608	10	192	2736408.3712	3328.64	822.08	4.727	16.172	21.23	11456.4637
393216	10	192	5231371.712	3329.2	1571.36	6.049	18.079	23.746	20378.0962
786432	10	192	10223029.152	3329.76	3070.2	13.191	22.825	29.825	38221.3557
65536	8	256	954921.3296	3671.08	260.12	4.183	14.278	19.144	5513.5806
131072	8	256	1642838.6016	3671.64	447.44	4.456	14.723	19.722	8271.615
262144	8	256	3018842.176	3672.2	822.08	4.967	15.644	20.935	13771.1519
524288	8	256	5771228.1536	3672.76	1571.36	6.293	17.508	23.368	24770.1377
1048576	8	256	11277827.064	3673.32	3070.2	13.245	22.191	29.316	46768.1643
